# Created by Octave 3.2.4, Tue Mar 31 13:24:56 2015 Pacific Daylight Time <unknown@unknown>
# name: v
# type: matrix
# rows: 1
# columns: 2
 6.1101 17.592
